0 4500
-3000 3000
-1500 0
18 1 12

4

750 2500
-100500 100500
-1125 -1000
1 0 0

2500 2750
-100500 100500
-1125 -875
1 0 0

2750 3000
-100500 100500
-1000 -750
1 0 0

3000 3250
-100500 100500
-875 -375
1 0 0

//////////////////////////////////////////////////
// Тест с загогулиной

0 4500
-3000 3000
-1500 0
18 1 12

4

750 2500
-100500 100500
-1125 -1000
1 0 0

2500 2750
-100500 100500
-1125 -875
1 0 0

2750 3000
-100500 100500
-1000 -750
1 0 0

3000 3250
-100500 100500
-875 -375
1 0 0

//////////////////////////////////////////////////
// Тест 3

0 4500
-3000 3000
-1500 0
9 1 6

1

2000 3000
-100500 100500
-1000 -500
1 0 0

//////////////////////////////////////////////////
// Тест 2

1500 3500
-3000 3000
-1250 -250
4 1 4

1

2000 3000
-100500 100500
-1000 -500
1 0 0

//////////////////////////////////////////////////
// Тест 1

2000 3000
-3000 3000
-1000 -500
2 1 2

1

2000 3000
-100500 100500
-1000 -500
1 0 0

//////////////////////////////////////////////////

0 100
0 100
0 100
20 20 20

2

20 30
20 80
20 80
1 1 1

20 30
20 80
20 80
1 1 1
